256       
0  3
1  5
2  3
3  3
4  3
5  3
6  3
7  3
8  3
9  3
10  3
11  3
12  3
13  3
14  3
15  3
16  3
17  3
18  3
19  3
20  3
21  3
22  7
23  3
24  3
25  4
26  3
27  7
28  7
29  7
30  7
31  3
32  7
33  3
34  4
35  5
36  3
37  3
38  3
39  3
40  7
41  4
42  7
43  4
44  3
45  5
46  3
47  7
48  7
49  4
50  7
51  5
52  7
53  5
54  7
55  4
56  7
57  4
58  7
59  5
60  4
61  7
62  7
63  5
64  5
65  7
66  5
67  7
68  7
69  5
70  4
71  5
72  7
73  7
74  7
75  7
76  7
77  4
78  7
79  4
80  7
81  7
82  7
83  5
84  5
85  7
86  5
87  7
88  7
89  4
90  4
91  5
92  4
93  7
94  4
95  4
96  4
97  5
98  7
99  4
100  4
101  4
102  7
103  4
104  4
105  4
106  4
107  4
108  4
109  4
110  7
111  4
112  4
113  4
114  4
115  4
116  5
117  5
118  5
119  7
120  5
121  7
122  5
123  5
124  7
125  5
126  5
127  7
128  7
129  7
130  5
131  5
132  7
133  5
134  5
135  7
136  7
137  5
138  7
139  7
140  7
141  7
142  5
143  5
144  7
145  5
146  5
147  5
148  5
149  5
150  5
151  5
152  5
153  5
154  5
155  5
156  5
157  5
158  5
159  5
160  7
161  5
162  5
163  5
164  5
165  5
166  5
167  5
168  5
169  5
170  5
171  5
172  5
173  7
174  5
175  5
176  7
177  5
178  5
179  7
180  7
181  7
182  7
183  5
184  7
185  7
186  7
187  7
188  7
189  5
190  7
191  7
192  7
193  7
194  7
195  7
196  7
197  7
198  7
199  7
200  7
201  7
202  7
203  7
204  7
205  7
206  7
207  7
208  7
209  7
210  7
211  7
212  7
213  7
214  7
215  7
216  7
217  7
218  7
219  7
220  7
221  7
222  7
223  7
224  7
225  7
226  7
227  7
228  7
229  7
230  7
231  7
232  7
233  7
234  7
235  7
236  7
237  7
238  7
239  7
240  7
241  7
242  7
243  7
244  7
245  7
246  7
247  7
248  7
249  7
250  7
251  7
252  7
253  7
254  7
255  7
